0 4 4 2 2 0 1 0 0 1 1 4 3 4 1 1 3 6 6 
1 1 1 1 2 0 1 1 0 0 1 5 3 3 1 1 3 4 6 
1 1 1 1 2 3 1 0 0 0 1 4 3 2 2 3 3 10 10 
1 4 2 1 3 0 0 0 0 0 0 3 2 2 1 1 5 2 15 
1 3 3 1 2 0 1 0 0 1 1 4 3 2 1 2 5 4 10 
1 4 3 1 2 0 0 0 0 0 1 5 4 2 1 2 5 10 15 
1 2 2 1 2 0 1 0 0 0 1 4 4 4 1 1 3 0 11 
0 4 4 2 2 0 1 0 0 1 1 4 1 4 1 1 1 6 6 
0 3 2 1 2 0 1 0 0 0 1 4 2 2 1 1 1 0 19 
1 3 4 1 2 0 0 0 0 0 1 5 5 1 1 1 5 0 15 
1 4 4 1 2 0 1 0 0 0 1 3 3 3 1 2 2 0 9 
1 2 1 3 3 0 0 0 0 0 1 5 2 2 1 1 4 4 12 
1 4 4 1 1 0 0 0 0 0 1 4 3 3 1 3 5 2 14 
1 4 3 2 2 0 1 0 0 0 1 5 4 3 1 2 3 2 11 
0 2 2 1 3 0 1 0 0 0 0 4 5 2 1 1 3 0 16 
1 4 4 1 1 0 1 0 0 0 1 4 4 4 1 2 2 4 14 
1 4 4 1 3 0 0 0 0 0 1 3 2 3 1 2 2 6 14 
1 3 3 3 2 0 0 0 0 1 1 5 3 2 1 1 4 4 10 
1 3 2 1 1 3 0 0 0 0 1 5 5 5 2 4 5 16 5 
1 4 3 1 1 0 0 0 0 0 1 3 1 3 1 3 5 4 10 
1 4 3 1 2 0 1 0 0 0 1 4 4 1 1 1 1 0 15 
1 4 4 1 1 0 1 0 0 0 1 5 4 2 1 1 5 0 15 
1 4 2 1 2 0 0 0 0 0 1 4 5 1 1 3 5 2 16 
1 2 2 2 2 0 0 0 0 0 1 5 4 4 2 4 5 0 12 
1 2 4 1 3 0 0 0 0 0 1 4 3 2 1 1 5 2 8 
1 2 2 1 1 2 1 1 0 0 1 1 2 2 1 3 5 14 8 
1 2 2 1 1 0 1 0 0 0 1 4 2 2 1 2 5 2 11 
1 4 2 1 1 0 1 0 0 0 1 2 2 4 2 4 1 4 15 
0 3 4 1 2 0 0 0 0 0 1 5 3 3 1 1 5 4 11 
1 4 4 1 2 0 0 0 0 0 0 4 4 5 5 5 5 16 11 
1 4 4 1 2 0 1 1 0 0 1 5 4 2 3 4 5 0 12 
1 4 4 2 2 0 0 0 0 0 1 4 3 1 1 1 5 0 17 
1 4 3 1 2 0 0 0 0 0 0 4 5 2 1 1 5 0 16 
1 3 3 1 2 0 0 1 0 0 1 5 3 2 1 1 2 0 12 
1 3 2 1 1 0 1 1 0 0 1 5 4 3 1 1 5 0 15 
1 2 3 2 1 0 0 0 0 1 1 3 5 1 1 1 5 0 6 
1 4 3 1 3 0 0 0 0 0 1 5 4 3 1 1 4 2 18 
0 4 4 2 3 0 0 0 0 0 0 2 4 3 1 1 5 7 15 
1 3 4 1 3 0 0 0 0 0 1 4 3 2 1 1 5 2 11 
1 2 2 1 1 0 0 0 0 1 1 4 3 1 1 1 2 8 13 
1 2 2 2 2 1 0 1 0 0 0 3 3 3 1 2 3 25 11 
1 4 4 1 1 0 1 1 0 0 0 5 4 3 2 4 5 8 12 
1 4 4 1 2 0 0 0 0 0 1 4 3 3 1 1 5 2 18 
1 2 2 1 1 0 1 0 0 0 1 5 4 1 1 1 1 0 11 
1 2 2 2 2 1 0 0 0 0 1 4 3 3 2 2 5 14 9 
0 4 3 1 2 0 0 0 0 0 0 5 2 2 1 1 5 8 6 
0 3 3 1 2 0 1 0 0 0 1 2 3 5 1 4 3 12 11 
1 4 3 1 4 0 0 0 0 0 1 4 2 2 1 1 2 4 20 
1 4 2 1 2 0 1 0 0 1 1 4 3 3 2 2 5 2 14 
1 4 4 1 2 1 0 1 0 0 1 4 4 4 1 1 3 2 7 
1 2 2 3 2 0 1 0 0 0 1 4 3 3 2 3 4 2 13 
1 4 2 1 2 0 1 0 0 0 1 4 3 3 1 1 5 2 13 
0 4 2 2 1 1 1 0 0 1 1 5 5 5 3 4 5 6 10 
1 4 4 1 1 0 1 0 0 0 1 3 3 4 2 3 5 0 11 
0 3 3 1 1 0 1 0 0 0 1 5 3 4 4 4 1 6 13 
0 2 1 1 2 0 0 0 0 0 0 5 3 4 1 1 2 8 10 
0 4 3 1 2 0 0 0 0 0 1 4 3 2 1 1 1 0 15 
1 4 4 1 2 0 0 0 0 1 1 3 2 2 1 1 5 4 15 
1 1 2 1 2 0 0 0 0 0 1 4 3 2 1 1 5 2 9 
1 4 2 1 2 0 1 0 0 0 1 4 2 3 1 1 5 2 16 
1 4 4 1 2 0 0 0 0 1 1 2 4 4 2 3 4 6 11 
1 1 1 4 1 0 0 1 0 0 0 5 5 5 5 5 5 6 11 
1 1 2 1 2 0 0 0 0 0 1 4 4 3 1 1 1 4 9 
1 4 3 1 3 0 0 0 0 0 1 3 4 4 2 4 4 2 9 
1 4 3 1 2 0 0 0 0 0 0 4 4 4 2 4 2 0 10 
1 4 3 3 2 0 0 0 0 0 1 5 4 3 1 2 1 2 15 
0 4 4 1 4 0 0 1 0 0 0 1 3 3 5 5 3 4 12 
1 3 1 1 4 0 1 0 0 0 1 4 3 3 1 2 5 4 6 
1 2 2 2 2 0 1 0 0 0 1 4 1 3 1 3 4 2 8 
1 3 1 2 4 0 1 1 0 0 1 4 4 2 2 3 3 12 16 
1 3 1 2 4 0 1 0 0 0 1 4 3 2 1 1 5 0 15 
1 4 2 1 4 0 1 0 0 0 1 3 3 3 1 1 3 0 10 
1 1 1 1 2 2 1 1 0 0 0 3 3 4 2 4 5 2 5 
1 3 1 1 1 0 0 0 0 1 1 5 3 2 2 2 5 2 14 
1 3 3 1 2 0 0 0 0 0 1 4 3 3 2 4 5 54 11 
1 4 3 1 2 0 0 0 0 0 1 4 3 3 2 3 5 6 10 
1 4 0 2 4 0 0 0 0 0 1 3 4 3 1 1 1 8 10 
1 2 2 1 4 0 1 0 0 0 0 5 2 3 1 3 3 0 11 
1 2 1 2 1 3 0 0 1 0 1 4 5 1 1 1 3 2 10 
1 3 4 1 2 0 1 0 0 0 1 2 4 3 1 2 3 12 5 
1 2 3 1 1 0 0 1 0 0 0 3 2 2 1 3 3 2 12 
1 2 3 1 3 0 1 1 0 0 1 5 3 2 1 2 5 4 11 
1 3 2 1 2 0 1 0 0 0 1 4 4 4 1 1 5 10 6 
1 2 2 2 2 0 0 0 0 0 1 5 3 3 1 3 4 4 15 
1 1 1 1 2 0 0 1 0 0 1 4 3 2 2 3 4 2 10 
1 4 4 2 2 2 1 0 0 0 0 4 4 4 2 3 5 6 8 
1 2 2 1 2 0 1 0 0 1 1 4 3 4 1 2 2 4 6 
1 4 2 1 3 0 0 0 0 0 1 5 3 3 1 3 1 4 14 
1 2 2 2 2 1 0 1 0 0 1 4 4 2 1 1 3 12 10 
0 4 4 1 2 0 1 0 0 1 1 4 1 3 3 5 5 18 7 
1 3 3 1 3 0 1 0 0 0 0 4 3 3 1 3 4 0 8 
1 4 3 1 1 0 0 0 0 0 1 4 5 5 1 3 1 4 18 
1 3 1 1 2 0 1 0 0 1 1 3 3 3 2 3 2 4 6 
1 4 2 2 2 0 0 0 0 0 1 5 3 3 1 1 1 0 10 
1 2 2 1 4 0 0 0 0 0 1 4 3 4 1 1 4 6 14 
1 1 1 2 4 1 0 0 0 0 1 3 1 2 1 1 1 2 10 
1 4 3 2 1 0 0 1 0 0 1 3 3 3 1 1 4 2 15 
1 2 1 1 2 0 1 0 0 1 0 4 3 5 1 1 5 2 10 
1 4 4 1 1 0 0 1 0 0 1 5 3 4 1 2 1 6 14 
1 4 3 1 3 0 1 0 0 0 1 5 3 5 1 1 3 0 8 
1 4 4 1 1 0 0 0 0 0 1 4 5 5 5 5 4 14 5 
1 4 4 1 3 0 0 0 0 0 0 4 4 3 1 1 4 0 17 
1 4 4 1 1 0 0 1 0 0 1 5 3 3 1 1 5 4 14 
1 3 2 2 2 0 1 0 0 0 1 4 3 5 1 1 2 26 6 
0 3 4 1 2 0 0 0 0 0 1 5 4 4 1 1 1 0 18 
0 3 3 1 4 0 1 0 0 1 1 4 3 3 1 1 4 10 11 
1 2 2 1 4 0 1 0 0 0 1 5 1 2 1 1 3 8 8 
1 3 3 1 3 0 0 0 0 0 1 5 3 3 1 1 5 2 18 
1 4 4 4 4 0 0 0 0 0 0 1 3 5 3 5 1 6 13 
1 4 4 1 3 0 0 0 0 0 0 5 4 5 1 1 4 4 16 
0 4 4 1 1 0 0 0 0 0 1 5 5 3 1 1 4 6 19 
1 3 3 1 3 1 0 0 0 0 1 4 1 2 1 1 2 0 10 
1 2 2 1 2 1 0 0 0 0 1 3 1 2 1 1 5 6 13 
1 4 2 1 1 0 1 0 0 0 1 3 5 2 1 1 3 10 19 
1 2 1 1 2 0 0 0 0 0 0 5 4 2 1 1 5 8 9 
1 4 4 1 2 0 0 0 0 0 1 5 4 4 1 2 5 2 16 
1 4 4 2 2 0 0 0 0 1 1 4 4 3 1 1 2 2 14 
1 3 3 2 1 0 0 0 0 0 1 5 4 2 1 1 5 0 13 
1 1 3 3 2 1 0 0 0 0 1 5 2 4 1 4 5 20 8 
1 3 4 1 1 0 1 0 0 0 1 3 4 3 1 2 4 6 13 
1 1 2 1 2 0 1 1 0 0 1 3 2 3 1 2 1 2 15 
1 2 2 1 4 0 0 0 0 0 1 5 5 4 1 2 5 6 15 
1 2 4 2 2 0 0 0 0 0 0 4 2 2 1 2 5 2 13 
1 4 4 1 1 0 0 0 0 0 1 3 4 4 1 4 5 18 13 
1 2 2 1 2 0 1 0 0 0 0 5 4 4 1 1 5 0 8 
1 3 4 1 1 0 1 0 0 0 1 5 5 5 3 2 5 0 12 
0 3 4 1 2 0 0 0 0 0 0 5 3 2 1 1 1 0 11 
1 0 1 1 2 3 1 1 1 1 1 3 4 2 1 1 5 2 9 
1 2 2 1 1 2 0 0 0 0 1 3 3 3 1 2 4 0 0 
1 4 4 1 1 0 0 0 0 0 1 3 5 5 2 5 4 8 18 
1 3 4 2 3 2 1 0 0 0 0 4 2 2 2 2 5 0 0 
1 1 1 3 1 0 0 1 0 0 0 4 3 3 1 2 4 0 0 
1 2 2 1 1 0 1 0 0 0 0 3 4 4 1 3 5 12 12 
0 3 4 1 1 0 1 0 0 0 1 3 2 1 1 4 5 16 11 
1 3 4 4 2 0 1 0 0 1 0 5 3 3 1 1 5 0 0 
1 4 4 1 3 0 0 0 0 0 0 4 3 3 1 1 5 0 0 
1 3 4 3 2 0 1 0 0 1 1 5 4 5 2 4 5 0 0 
0 3 3 2 1 2 0 1 0 0 0 4 3 2 1 1 5 0 0 
1 1 1 1 2 1 1 0 0 1 0 4 4 4 1 3 5 0 12 
1 4 4 2 1 0 0 0 0 0 1 4 3 2 1 1 5 0 15 
1 4 3 2 4 0 1 0 0 0 1 2 2 2 1 1 3 0 0 
1 2 2 2 1 2 0 0 0 0 1 2 3 3 2 2 2 8 9 
1 4 4 1 3 0 0 0 0 0 1 4 2 2 1 1 5 2 11 
1 1 1 1 1 0 1 0 0 0 1 3 4 4 3 3 1 2 13 
1 2 1 1 1 3 1 0 0 0 1 5 4 5 1 2 5 0 0 
1 1 1 1 2 0 1 0 0 0 1 4 4 2 1 2 5 0 11 
1 3 2 1 2 3 1 0 0 0 1 3 3 2 1 1 3 0 0 
1 1 2 1 2 0 1 1 0 0 1 4 3 2 1 1 5 2 11 
1 4 4 1 1 0 1 0 1 0 0 3 3 2 2 1 5 0 0 
0 2 1 4 1 3 1 0 0 0 1 4 5 5 2 5 5 0 10 
1 1 1 1 1 3 1 0 1 0 0 2 3 5 2 5 4 0 0 
1 2 1 1 1 1 0 0 0 1 0 4 4 4 3 5 5 6 14 
1 3 3 2 3 2 0 0 0 0 0 4 2 1 2 3 3 8 10 
1 3 2 1 1 3 1 0 1 0 0 4 5 4 1 1 4 0 0 
1 4 4 1 1 0 1 0 0 1 0 4 2 1 1 1 4 0 12 
1 2 3 1 2 0 0 0 0 1 1 4 4 4 1 1 1 2 8 
1 1 2 1 1 0 1 0 0 1 1 2 2 2 3 3 5 8 13 
1 1 1 3 1 3 0 1 0 1 1 5 2 5 1 5 4 6 10 
1 2 2 3 1 0 1 1 0 1 1 4 2 2 1 2 3 2 15 
1 3 3 1 2 1 1 0 0 0 0 4 5 5 4 4 5 4 12 
1 2 1 2 1 2 0 0 1 0 0 3 3 2 2 2 5 0 0 
1 3 2 2 2 2 1 0 0 0 0 4 4 4 1 4 3 6 7 
1 1 2 2 1 1 0 0 0 1 1 4 4 4 2 4 5 0 0 
1 1 3 1 1 0 1 0 1 0 1 5 3 3 1 4 2 2 10 
1 1 1 4 2 3 0 0 1 1 0 5 3 5 1 5 5 0 7 
1 3 2 2 1 1 0 1 1 1 1 4 5 2 1 1 2 16 12 
1 2 2 1 2 0 1 0 1 0 1 4 3 5 2 4 4 4 10 
1 4 2 1 2 0 1 0 0 0 0 4 2 3 1 1 3 0 16 
1 2 2 1 2 0 1 1 0 0 1 5 1 5 1 1 4 0 0 
1 4 4 1 2 0 1 0 0 0 0 4 4 2 1 1 3 0 14 
1 3 4 3 1 2 0 1 0 0 1 3 4 5 2 4 2 0 0 
1 1 0 2 2 0 0 0 0 0 0 4 3 2 1 1 3 2 16 
1 4 4 1 2 0 0 0 0 0 1 4 4 4 1 3 5 0 10 
1 1 3 1 2 3 0 1 0 0 0 4 3 5 1 1 3 0 0 
1 3 3 2 2 0 0 0 0 0 1 4 4 5 1 1 4 4 9 
1 4 3 2 2 0 0 0 0 0 1 4 4 4 4 4 4 4 9 
1 2 2 2 2 0 0 1 0 0 1 3 4 4 1 4 5 2 11 
1 3 3 1 2 0 0 1 0 0 1 4 3 4 1 4 4 4 6 
1 4 2 1 1 0 0 0 0 0 0 4 3 3 3 4 3 10 9 
1 4 3 1 2 0 0 0 0 0 0 5 2 3 1 1 2 4 11 
1 4 3 1 2 0 0 0 0 0 1 3 4 3 2 3 3 10 8 
1 3 3 1 2 0 0 0 0 0 0 4 2 3 1 2 3 2 12 
1 2 4 1 2 0 0 0 0 1 1 5 4 2 2 3 5 0 17 
1 3 3 1 2 0 0 0 0 0 0 5 3 3 2 3 1 56 8 
1 3 2 1 2 0 1 0 0 0 1 1 2 2 1 2 1 14 12 
1 3 3 1 2 0 0 0 0 0 0 4 3 4 2 3 4 12 11 
1 1 2 1 1 0 0 0 0 0 0 3 3 3 1 2 3 2 11 
1 2 1 1 2 0 0 0 0 0 0 4 2 3 1 2 5 0 15 
0 3 3 1 2 0 1 1 0 0 0 3 3 3 1 3 3 6 9 
1 1 2 1 2 0 1 0 0 1 1 3 1 3 1 5 3 4 10 
1 2 3 1 2 0 1 0 0 0 1 4 3 3 1 1 2 10 13 
1 1 1 1 2 0 0 0 0 0 1 5 3 3 1 1 3 0 9 
1 1 2 2 2 0 0 1 0 0 1 4 4 4 4 5 5 12 8 
1 3 3 1 1 0 0 0 0 0 1 4 3 2 3 4 5 8 10 
1 2 3 2 1 0 1 0 0 0 1 5 3 3 1 1 3 0 14 
1 2 4 1 2 0 0 0 0 0 0 4 3 2 1 1 5 0 15 
1 4 4 1 1 0 1 0 0 0 1 5 2 3 1 2 5 4 16 
1 3 3 3 1 0 0 0 0 0 1 3 3 4 3 5 3 8 10 
1 4 4 2 1 1 1 0 0 0 1 4 2 4 2 3 2 24 18 
1 4 4 1 2 0 1 0 0 0 1 4 5 2 1 2 3 0 10 
1 4 3 1 2 0 0 0 0 0 1 4 3 5 1 5 2 2 16 
1 2 3 1 2 0 0 0 0 1 1 4 4 3 1 3 4 6 10 
1 1 1 1 2 0 1 1 0 1 1 4 4 4 1 3 1 4 10 
1 2 2 1 1 0 1 0 0 0 1 5 3 2 1 2 3 18 6 
1 2 2 2 4 0 0 1 0 0 1 5 3 5 1 1 5 6 11 
1 3 4 1 3 1 1 0 0 0 0 4 4 3 3 4 5 28 9 
0 3 1 1 2 3 1 0 0 0 1 2 3 3 2 2 4 5 7 
1 4 3 1 2 0 0 0 0 0 0 1 3 2 1 1 1 10 13 
1 1 1 2 1 0 1 0 0 1 1 4 3 2 1 4 5 6 10 
1 4 3 2 3 0 0 0 0 0 0 4 4 2 1 1 4 6 7 
1 3 3 1 4 0 0 0 0 0 1 4 3 3 1 2 3 10 8 
1 4 4 1 2 0 1 0 0 0 0 5 3 5 4 5 3 13 13 
0 2 2 1 2 0 1 0 0 0 1 3 3 4 1 1 4 0 14 
1 2 2 1 2 1 0 0 0 0 1 4 4 4 2 4 5 15 8 
1 4 4 1 1 0 1 0 0 1 1 5 2 1 1 2 3 12 10 
1 3 2 2 2 0 1 0 0 0 1 4 4 4 1 3 1 2 15 
1 4 3 1 2 2 1 0 0 0 0 3 4 5 2 4 1 22 4 
1 3 3 1 2 1 1 0 0 0 1 3 2 4 2 4 4 13 8 
1 2 3 2 1 0 1 0 0 1 1 3 3 3 1 4 3 3 8 
1 2 2 1 3 0 0 0 0 0 1 4 3 3 1 1 4 4 10 
1 2 1 2 2 0 0 0 0 0 1 4 2 5 1 2 5 2 6 
1 1 1 1 3 1 0 0 0 1 0 4 3 4 1 1 5 0 0 
1 2 3 1 2 0 1 0 0 0 1 2 3 1 1 1 3 2 17 
1 2 2 2 2 0 1 0 0 0 1 3 3 3 5 5 4 0 13 
1 4 4 1 3 0 0 1 0 0 1 5 3 2 1 1 5 0 14 
1 3 1 1 2 1 0 0 0 0 0 5 3 3 1 1 4 16 7 
1 3 2 1 2 0 0 1 0 0 1 5 3 4 1 3 3 10 15 
1 2 3 1 2 0 1 1 0 0 1 5 3 3 1 3 3 2 12 
1 2 1 4 2 0 0 0 0 0 0 4 3 2 4 5 3 14 9 
0 2 1 2 3 0 0 0 0 0 0 3 2 3 1 2 3 10 12 
1 4 3 1 2 0 0 0 0 0 0 3 2 3 1 2 3 14 14 
1 2 2 2 2 0 0 0 0 0 1 4 5 2 1 1 1 4 11 
1 4 4 1 2 0 0 0 0 0 0 4 5 5 1 3 2 14 9 
1 4 4 1 2 0 0 0 0 0 1 4 2 4 2 4 1 2 13 
1 1 1 2 2 0 1 0 0 0 1 3 4 2 1 1 5 18 6 
1 3 2 2 3 0 0 0 0 0 0 5 3 3 1 3 2 10 10 
1 2 2 1 2 0 0 1 0 0 0 4 4 2 5 5 4 4 13 
1 2 1 1 1 0 1 0 0 0 0 4 5 2 1 1 5 20 12 
1 2 1 3 2 0 0 0 0 1 1 2 1 1 1 1 3 2 11 
1 2 2 1 2 1 1 0 1 0 1 5 5 4 3 5 2 0 0 
1 4 3 2 2 0 0 0 0 0 0 2 5 5 1 4 5 14 12 
0 4 4 2 2 0 1 0 0 0 1 3 3 3 2 3 4 2 12 
1 4 3 1 1 0 0 1 0 0 1 5 4 5 1 1 3 0 0 
1 4 4 1 1 0 0 0 0 0 1 5 3 2 1 2 5 0 12 
1 2 1 2 3 0 1 1 0 0 0 4 4 4 1 1 3 0 0 
1 2 1 3 1 0 1 0 0 0 1 4 3 3 1 1 4 6 18 
1 2 3 2 1 0 1 0 0 0 1 5 2 2 1 1 2 4 13 
1 3 1 1 1 3 1 1 1 0 0 5 4 5 5 5 1 16 8 
1 3 3 1 2 1 1 0 0 0 0 4 3 3 1 3 5 8 5 
1 0 2 1 1 0 1 1 0 0 1 4 3 2 2 4 5 0 15 
1 3 2 2 1 1 1 0 1 0 1 4 4 5 2 4 5 0 8 
1 3 3 3 2 0 1 1 0 0 1 5 3 3 1 3 2 6 10 
1 2 1 1 1 1 1 1 1 0 1 3 2 5 2 5 5 4 8 
1 2 1 2 1 0 0 1 0 1 1 3 3 2 1 3 3 0 8 
1 2 1 1 1 0 1 1 0 0 1 4 4 2 2 4 5 0 12 
1 1 1 2 1 1 0 0 0 0 1 4 4 4 1 2 5 2 8 
1 4 2 1 4 0 0 0 0 0 1 4 2 3 1 1 4 6 13 
0 4 3 1 2 0 1 0 0 0 1 4 3 1 1 1 1 12 11 
1 2 1 1 2 0 0 0 0 0 1 5 2 4 1 2 4 8 14 
1 2 2 1 4 0 0 0 0 0 0 3 4 1 1 1 2 0 0 
1 4 3 1 2 0 1 0 0 0 0 3 1 2 1 3 2 21 18 
1 4 3 1 2 0 1 1 0 0 1 4 3 2 1 1 3 2 8 
1 3 2 1 3 0 0 1 0 1 1 5 3 2 1 1 3 1 12 
1 3 3 1 3 0 0 1 0 1 1 3 2 3 1 1 4 4 9 
1 2 2 1 3 0 0 0 0 0 0 4 3 3 1 1 3 0 0 
0 3 4 2 2 0 0 0 0 0 1 4 2 5 3 4 1 13 17 
1 3 1 1 2 0 0 0 0 0 0 5 4 4 3 4 5 2 10 
1 4 4 2 2 0 0 0 0 0 1 4 3 4 2 2 4 8 11 
1 4 2 1 2 0 0 0 0 0 0 5 4 5 1 3 5 10 10 
1 2 1 2 2 0 1 0 1 0 0 4 3 5 1 2 3 0 0 
1 3 3 1 2 2 0 0 0 0 1 4 3 5 3 3 5 15 9 
1 2 3 1 4 0 0 0 0 0 0 4 5 5 1 3 2 4 14 
1 1 1 2 2 0 1 1 0 1 1 4 4 3 1 1 3 2 11 
1 1 2 1 2 0 0 1 0 1 0 3 5 2 2 2 1 2 14 
1 2 4 2 2 0 1 0 0 0 0 4 3 3 1 1 1 2 10 
1 2 2 2 2 0 1 0 0 0 0 4 4 4 2 3 5 6 12 
0 3 2 2 2 0 1 1 1 0 0 4 1 1 1 1 5 75 9 
1 4 4 2 1 0 0 0 0 0 1 3 2 4 1 4 3 22 9 
1 4 4 1 2 1 0 0 0 0 0 2 4 4 1 1 4 15 8 
1 4 3 2 1 0 0 0 0 0 1 4 2 3 1 2 1 8 10 
0 4 1 2 1 0 0 0 0 0 0 4 5 4 2 4 5 30 8 
0 3 2 1 1 1 1 0 0 0 1 4 4 4 3 4 3 19 10 
1 1 1 2 4 0 0 0 0 1 1 5 2 2 1 1 3 1 12 
1 1 1 2 2 0 0 0 0 0 1 5 4 4 1 1 4 4 10 
1 2 2 1 2 0 1 1 0 0 1 5 4 5 1 2 5 4 11 
1 1 1 1 2 0 1 1 0 0 1 4 3 3 1 2 4 2 11 
1 2 2 1 3 0 1 0 0 0 1 4 3 3 1 2 2 5 19 
1 1 1 1 3 0 1 0 0 0 1 4 3 3 1 1 3 6 12 
1 2 1 1 3 0 0 0 0 0 1 4 2 4 1 3 2 6 14 
0 4 4 1 2 0 0 0 0 0 1 5 4 3 1 1 2 9 15 
1 4 2 1 2 0 0 0 0 0 0 4 3 2 1 4 5 11 11 
1 4 3 1 3 0 1 0 0 0 1 4 2 2 1 2 3 0 15 
1 2 1 1 2 1 1 0 0 0 0 5 4 3 1 1 5 12 13 
1 3 1 2 4 0 1 0 0 1 1 3 1 2 1 1 3 6 18 
1 3 2 2 3 0 0 0 0 0 1 5 4 2 1 1 4 8 14 
 
